A = 0

B = 1

C = 2

E = 3

D = 4

F = 5

0 0 0 0 0 0 
0 0 0 0 0 0 
0 0 0 0 0 0 
0 0 0 0 0 0 
0 0 0 0 0 0 
0 0 0 0 0 0 


A => B c:7 ; C c:4 ; 

B => E c:2 ; C c:4 ; 

C => E c:8 ; D c:4 ; 

E => D c:4 ; F c:5 ; 

D => F c:12 ; 

F => 

0 7 4 0 0 0 
0 0 4 2 0 0 
0 0 0 8 4 0 
0 0 0 0 4 5 
0 0 0 0 0 12 
0 0 0 0 0 0 


0 5 4 0 0 0 
2 0 4 0 0 0 
0 0 0 8 4 0 
0 2 0 0 4 3 
0 0 0 0 0 12 
0 0 0 2 0 0 


0 5 1 0 0 0 
2 0 4 0 0 0 
3 0 0 5 4 0 
0 2 3 0 4 0 
0 0 0 0 0 12 
0 0 0 5 0 0 


0 5 0 0 0 0 
2 0 4 0 0 0 
4 0 0 5 3 0 
0 2 3 0 4 0 
0 0 1 0 0 11 
0 0 0 5 1 0 


0 2 0 0 0 0 
5 0 1 0 0 0 
4 3 0 5 0 0 
0 2 3 0 4 0 
0 0 4 0 0 8 
0 0 0 5 4 0 


0 1 0 0 0 0 
6 0 0 0 0 0 
4 4 0 4 0 0 
0 2 4 0 3 0 
0 0 4 1 0 7 
0 0 0 5 5 0 


A = 0

B = 1

C = 2

E = 3

D = 4

F = 5

0 0 0 0 0 0 
0 0 0 0 0 0 
0 0 0 0 0 0 
0 0 0 0 0 0 
0 0 0 0 0 0 
0 0 0 0 0 0 


0 5 4 0 0 0 
2 0 4 0 0 0 
0 0 0 8 4 0 
0 2 0 0 4 3 
0 0 0 0 0 12 
0 0 0 2 0 0 


0 5 1 0 0 0 
2 0 4 0 0 0 
3 0 0 5 4 0 
0 2 3 0 4 0 
0 0 0 0 0 12 
0 0 0 5 0 0 


0 5 0 0 0 0 
2 0 4 0 0 0 
4 0 0 5 3 0 
0 2 3 0 4 0 
0 0 1 0 0 11 
0 0 0 5 1 0 


0 2 0 0 0 0 
5 0 1 0 0 0 
4 3 0 5 0 0 
0 2 3 0 4 0 
0 0 4 0 0 8 
0 0 0 5 4 0 


0 1 0 0 0 0 
6 0 0 0 0 0 
4 4 0 4 0 0 
0 2 4 0 3 0 
0 0 4 1 0 7 
0 0 0 5 5 0 


A = 0

B = 1

C = 2

E = 3

D = 4

F = 5

0 0 0 0 0 0 
0 0 0 0 0 0 
0 0 0 0 0 0 
0 0 0 0 0 0 
0 0 0 0 0 0 
0 0 0 0 0 0 


0 5 4 0 0 0 
2 0 4 0 0 0 
0 0 0 8 4 0 
0 2 0 0 4 3 
0 0 0 0 0 12 
0 0 0 2 0 0 


0 5 1 0 0 0 
2 0 4 0 0 0 
3 0 0 5 4 0 
0 2 3 0 4 0 
0 0 0 0 0 12 
0 0 0 5 0 0 


0 5 0 0 0 0 
2 0 4 0 0 0 
4 0 0 5 3 0 
0 2 3 0 4 0 
0 0 1 0 0 11 
0 0 0 5 1 0 


0 2 0 0 0 0 
5 0 1 0 0 0 
4 3 0 5 0 0 
0 2 3 0 4 0 
0 0 4 0 0 8 
0 0 0 5 4 0 


0 1 0 0 0 0 
6 0 0 0 0 0 
4 4 0 4 0 0 
0 2 4 0 3 0 
0 0 4 1 0 7 
0 0 0 5 5 0 


A = 0

B = 1

C = 2

E = 3

D = 4

F = 5

0 0 0 0 0 0 
0 0 0 0 0 0 
0 0 0 0 0 0 
0 0 0 0 0 0 
0 0 0 0 0 0 
0 0 0 0 0 0 


0 5 4 0 0 0 
2 0 4 0 0 0 
0 0 0 8 4 0 
0 2 0 0 4 3 
0 0 0 0 0 12 
0 0 0 2 0 0 


0 5 1 0 0 0 
2 0 4 0 0 0 
3 0 0 5 4 0 
0 2 3 0 4 0 
0 0 0 0 0 12 
0 0 0 5 0 0 


0 5 0 0 0 0 
2 0 4 0 0 0 
4 0 0 5 3 0 
0 2 3 0 4 0 
0 0 1 0 0 11 
0 0 0 5 1 0 


0 2 0 0 0 0 
5 0 1 0 0 0 
4 3 0 5 0 0 
0 2 3 0 4 0 
0 0 4 0 0 8 
0 0 0 5 4 0 


0 1 0 0 0 0 
6 0 0 0 0 0 
4 4 0 4 0 0 
0 2 4 0 3 0 
0 0 4 1 0 7 
0 0 0 5 5 0 


A = 0

B = 1

C = 2

E = 3

D = 4

F = 5

0 0 0 0 0 0 
0 0 0 0 0 0 
0 0 0 0 0 0 
0 0 0 0 0 0 
0 0 0 0 0 0 
0 0 0 0 0 0 


0 5 4 0 0 0 
2 0 4 0 0 0 
0 0 0 8 4 0 
0 2 0 0 4 3 
0 0 0 0 0 12 
0 0 0 2 0 0 


0 5 1 0 0 0 
2 0 4 0 0 0 
3 0 0 5 4 0 
0 2 3 0 4 0 
0 0 0 0 0 12 
0 0 0 5 0 0 


0 5 0 0 0 0 
2 0 4 0 0 0 
4 0 0 5 3 0 
0 2 3 0 4 0 
0 0 1 0 0 11 
0 0 0 5 1 0 


0 2 0 0 0 0 
5 0 1 0 0 0 
4 3 0 5 0 0 
0 2 3 0 4 0 
0 0 4 0 0 8 
0 0 0 5 4 0 


0 1 0 0 0 0 
6 0 0 0 0 0 
4 4 0 4 0 0 
0 2 4 0 3 0 
0 0 4 1 0 7 
0 0 0 5 5 0 


A = 0

B = 1

C = 2

E = 3

D = 4

F = 5

0 0 0 0 0 0 
0 0 0 0 0 0 
0 0 0 0 0 0 
0 0 0 0 0 0 
0 0 0 0 0 0 
0 0 0 0 0 0 


0 5 4 0 0 0 
2 0 4 0 0 0 
0 0 0 8 4 0 
0 2 0 0 4 3 
0 0 0 0 0 12 
0 0 0 2 0 0 


0 5 1 0 0 0 
2 0 4 0 0 0 
3 0 0 5 4 0 
0 2 3 0 4 0 
0 0 0 0 0 12 
0 0 0 5 0 0 


0 5 0 0 0 0 
2 0 4 0 0 0 
4 0 0 5 3 0 
0 2 3 0 4 0 
0 0 1 0 0 11 
0 0 0 5 1 0 


0 2 0 0 0 0 
5 0 1 0 0 0 
4 3 0 5 0 0 
0 2 3 0 4 0 
0 0 4 0 0 8 
0 0 0 5 4 0 


0 1 0 0 0 0 
6 0 0 0 0 0 
4 4 0 4 0 0 
0 2 4 0 3 0 
0 0 4 1 0 7 
0 0 0 5 5 0 


